v -1.07643496990203857 -13.95000457763671872 39.99124526977539056
v -4.66589498519897464 -13.57311344146728512 42.60056686401367184
v -3.67685580253601072 -15.14523506164550782 41.29469299316406248
v 4.94669532775878912 -18.01057052612304687 32.90201187133789056
v 5.00187397003173828 -19.87996101379394528 31.0027618408203125
v 5.90332078933715824 -17.46665763854980472 29.04239654541015625
v 4.93607139587402336 -16.33497810363769532 32.73687744140624992
v 5.8600997924804688 -15.4336566925048828 30.05719757080078125
v 5.75511884689331056 -18.56302452087402344 27.26661300659179688
v 5.4604792594909668 -19.50270271301269528 28.89997291564941408
v 6.04456472396850586 -15.6846294403076172 27.40244483947753904
v 6.06235742568969727 -17.333648681640625 25.91042137145996096
v -1.99472534656524656 -23.145477294921875 38.27061843872070312
v 2.4713444709777832 -22.35556602478027344 36.28326797485351564
v -0.44632175564765928 -22.48707580566406248 38.52120208740234376
v 0.5348860025405884 -23.74559020996093744 36.7880783081054688
v 1.38405132293701168 -24.47215080261230472 34.27965164184570312
v -3.10146617889404296 -24.78164863586425776 36.54148483276367184
v -0.01682587154209613 -25.56138801574707032 33.73476409912109376
v -4.3099088668823242 -23.07275199890136719 37.91046905517578128
v 0.71718257665634152 -25.4158363342285156 30.9694709777832032
v 2.87259793281555168 -23.19644546508789064 32.20821762084960936
v 2.62115502357482912 -23.25130653381347656 29.91652297973632816
v -1.64726293087005616 -26.30069541931152344 31.89945220947265632
v -0.60013651847839352 -25.91813087463378912 28.87554359436035152
v -2.72663450241088864 -25.82476806640624992 34.2724609375
v 1.53014147281646728 -24.55427742004394528 29.5253238677978516
v 3.12820196151733398 -22.79070281982421872 27.2568340301513672
v -3.45582962036132816 -26.4003887176513672 30.83658027648925776
v -2.47221970558166504 -25.74241256713867184 27.73565101623535152
v 0.28512248396873476 -24.39400100708007816 26.01650047302246093
v 1.70758235454559328 -21.2385540008544922 37.57759094238281248
v -1.37914669513702392 -21.19728279113769532 39.44635772705078128
v 2.74839997291564944 -20.24053192138671876 37.02729034423828125
v -0.1033039465546608 -20.75734138488769536 39.15409469604492188
v 2.27790260314941408 -19.17528152465820312 37.41567230224609376
v 0.82975405454635616 -19.14282608032226562 38.72172164916992192
v -1.13130104541778564 -19.56308937072753904 39.76934814453124992
v 2.66856622695922848 -18.24164772033691408 37.11077880859375
v 3.863656997680664 -20.26579093933105468 34.5517005920410156
v 2.22144436836242676 -16.57357215881347656 37.06522369384765625
v 0.57763791084289552 -14.80764007568359376 38.66636276245117184
v 0.48694452643394472 -16.78373908996582032 38.79132461547851568
v 3.8263790607452392 -14.25265121459960936 34.27432632446289064
v 4.17966318130493164 -17.7849044799804688 34.4754638671875
v 2.56979489326477048 -13.68459224700927736 36.20221710205078124
v -2.8806073665618896 -20.79172134399414064 39.64616394042968752
v -1.693276047706604 -16.34615707397460936 39.66508102416992184
v -3.98460149765014656 -17.42478179931640624 39.9003829956054688
v 4.02136468887329101 -21.75699996948242192 31.26039505004882812
v 4.52626895904541016 -21.0970001220703125 27.56096267700195312
v 5.45439863204956056 -19.73874855041503904 23.71096992492675784
v -3.81102514266967776 -10.7658576965332032 41.8747634887695312
v -0.01019293908029794 -11.83766078948974608 38.78489303588867184
v -1.53357887268066408 -8.62130165100097656 39.00896453857421875
v -3.84332990646362304 -8.62911701202392576 40.9338340759277344
v -2.58125829696655272 -6.40531110763549808 38.29372024536132812
v -4.6503558158874512 -6.45554685592651368 39.14263153076171876
v 3.83892393112182624 -11.33114051818847656 33.7375602722167968
v 5.03282833099365234 -13.65842342376708984 32.55298995971679688
v 5.06612348556518555 -10.17557621002197266 31.23290634155273436
v 6.26740789413452148 -13.20698642730712892 29.62283897399902344
v 6.43238973617553712 -13.1356363296508789 27.98667907714843744
v 5.22511720657348632 -15.52706909179687504 24.79360198974609376
v 5.99809455871582032 -13.63016891479492184 26.9473934173583984
v 6.462191104888916 -9.90129280090332032 27.72259140014648432
v 4.88688373565673824 -7.10234403610229492 29.95565605163574224
v 6.6188993453979492 -11.00830554962158203 25.685546875
v 4.44761371612548832 -10.49269580841064456 22.26077651977539064
v 7.30311775207519532 -8.54874706268310544 25.06281852722167969
v 7.08867311477661133 -6.88022518157958992 26.68881225585937504
v 6.98486661911010736 -9.37758827209472656 24.06689834594726562
v 10.638422966003418 1.96750509738922112 32.70793533325195312
v 7.00182771682739257 1.30373585224151612 33.52150344848632816
v 8.72160434722900384 -0.4986349940299988 32.17192459106445312
v 10.6011991500854492 -0.78972274065017696 31.07997894287109375
v 8.2934579849243164 -3.344174861907959 28.76640892028808592
v 5.45826911926269528 -0.3746550679206848 32.58991622924804688
v 6.50254201889038088 -2.51461982727050784 30.61803245544433592
v 4.0802922248840332 -1.51760900020599368 32.38714599609375
v 5.23812103271484376 -3.06194829940795898 31.25282669067382812
v 13.57763004302978512 0.57382386922836304 29.4904804229736328
v 10.75564002990722656 -1.62445759773254392 29.78703498840332032
v 11.23624801635742188 -2.0859825611114502 27.08821296691894531
v 13.32989120483398436 -0.32000648975372316 26.39192962646484376
v 8.71757221221923832 -4.11154794692993164 27.01823043823242187
v 12.1663360595703125 -0.80915528535842896 24.84800720214843744
v 10.24985790252685548 -3.57866811752319336 23.92657852172851568
v 11.52861404418945312 -0.66438007354736328 23.11635398864746094
v 7.41700601577758792 -5.486299991607666 26.9069843292236328
v 4.16558265686035156 -3.7094619274139404 31.96482086181640624
v 8.80601119995117184 -6.29631090164184572 22.87974548339843744
v 0.95363438129425056 -10.15735340118408204 37.32830810546875
v 1.24685299396514892 -7.695556640625 35.81720733642578128
v 0.83085578680038448 -6.23220491409301756 35.70267486572265624
v 3.45770144462585448 -5.91957187652587888 32.28450775146484376
v 3.78182816505432128 -13.84047222137451168 23.78267288208007808
v 1.2619866132736206 -4.27070951461791992 34.51352691650390624
v -1.7560533285140992 -4.38633775711059568 36.06751632690429688
v 1.93085467815399168 -2.62389469146728512 33.42107391357421872
v -1.06613743305206299 -0.8984586596488952 33.36265945434570312
v 2.85626173019409184 0.8265710473060608 32.6784706115722656
v 0.85401064157485968 1.47750246524810792 32.43745803833007816
v -2.57261204719543456 -2.76989626884460448 34.78936386108398432
v -3.11222147941589356 -3.9820518493652344 35.8682975769042968
v -6.05183935165405273 -5.10552501678466796 38.7735519409179688
v -0.82252639532089232 1.51082694530487064 32.93730926513671872
v -3.57961368560791016 0.50243431329727176 34.25509262084960936
v -5.87145280838012688 -16.86940383911132816 42.8884353637695312
v 16.85184478759765632 -0.73616892099380496 22.48783111572265624
v 15.07268619537353516 -2.67343544960021976 20.86417007446289056
v 16.51909446716308592 -2.60575771331787112 19.19507789611816408
v 14.76954841613769536 -0.62798154354095456 24.51314544677734376
v 13.6041269302368164 -1.13276457786560058 23.89671516418457024
v 13.75222587585449216 -2.99596095085144048 19.22307395935058592
v 15.08819675445556641 -3.242464542388916 17.84632873535156256
v 17.56139373779296872 -1.72662520408630368 17.9155158996582032
v 17.21245956420898436 -2.16962575912475586 14.8948860168457032
v 15.20912837982177736 -2.79739212989807136 14.46305847167968752
v 2.70218253135681152 -22.92231941223144528 24.01781272888183593
v 1.578751802444458 -23.14551734924316406 22.44991874694824216
v 4.59006786346435544 -19.34848403930664064 19.88638496398925776
v 4.1075286865234375 -21.40492248535156248 24.70607376098632816
v 5.92184448242187504 -17.35164833068847656 22.53793907165527344
v 5.22520971298217772 -18.54512977600097656 20.61406517028808592
v 4.42576217651367184 -20.33404159545898436 17.60703086853027344
v 5.41081571578979496 -18.48916435241699216 17.33946037292480468
v 2.77661013603210448 -21.58184814453125 19.4690532684326172
v -0.597924530506134 -24.05123138427734375 24.35489463806152344
v -2.397777795791626 -24.24663352966308592 25.50094985961914064
v -2.59141111373901368 -23.74479484558105472 23.37680244445800784
v -1.65541374683380128 -23.03190994262695312 20.62784194946289064
v 0.23891414701938628 -23.39894294738769528 21.46943473815917968
v 1.35410964488983156 -21.88067817687988288 18.55217552185058592
v -0.76105767488479616 -22.02791023254394531 18.4268760681152344
v -1.68651068210601808 -21.64144134521484376 18.61899948120117184
v 0.58502793312072752 -22.35688209533691408 15.17664813995361328
v 2.36076354980468752 -21.74306297302246096 16.363037109375
v 4.48753833770751952 -19.93661880493164064 15.14640045166015624
v 3.1431429386138916 -21.03436088562011719 14.02160453796386718
v 3.89242863655090336 -19.9073543548583984 12.6356220245361328
v 4.74043893814086912 -17.19144439697265624 11.70423412322998048
v 1.28162527084350584 -21.8952674865722656 14.09283161163330078
v -0.80426973104476928 -21.43787956237792968 12.98565101623535152
v 1.44502627849578856 -21.0858001708984375 12.0963134765625
v 2.35388851165771484 -20.19847869873046876 10.83742904663085936
v -0.76946705579757696 -20.6681575775146484 9.4733858108520508
v 12.37009811401367184 -1.74662148952484128 20.54544448852539064
v 9.59860420227050784 -4.24116849899291992 21.72891998291015632
v 10.31890106201171876 -1.41260707378387448 20.98946952819824224
v 12.67385864257812496 -2.3821101188659668 16.0188751220703125
v 13.33870792388916016 -2.84017276763916016 14.45435428619384768
v 7.83108043670654304 -6.80505084991455072 21.0466156005859375
v 5.0961451530456543 -7.89234733581542976 19.44252395629882816
v 8.0467681884765625 -3.70283198356628416 18.87608337402343744
v 9.465886116027832 -0.76423460245132448 18.26155090332031248
v 6.99908018112182624 -3.79964351654052736 17.44465446472167968
v 5.18385601043701172 -14.53830051422119144 21.77546501159667968
v 2.56924819946289064 -13.3348388671875 21.61756706237792968
v 5.44512128829956056 -14.68034267425537112 20.17168617248535156
v 5.31642484664916992 -16.45772743225097656 18.89629936218261712
v 4.77011489868164064 -13.99592685699462896 19.4742431640625
v 5.04763078689575195 -13.42533683776855472 17.7320575714111328
v 2.69866681098937992 -12.90676403045654304 22.15037727355957032
v 1.74406290054321296 -12.69198799133300784 19.18425369262695312
v 1.13284492492675782 -11.93024063110351568 19.209381103515625
v 3.02664041519165039 -9.75188446044921872 20.22475051879882812
v 0.86169672012329104 -11.32596969604492188 18.72878265380859376
v 3.31956434249877928 -12.59343242645263672 18.30191612243652344
v 3.34619212150573732 -11.49309349060058592 16.34813880920410156
v 4.9550762176513672 -12.7082548141479492 14.18331527709960936
v 1.8260517120361328 -11.56273365020751952 16.5219097137451172
v 0.00642784591764211 -11.89268493652343744 17.95235633850097664
v -1.03166592121124267 -13.00358772277832031 17.18909263610839844
v -1.66448473930358888 -12.69747352600097656 18.79373931884765632
v -0.3073245584964752 -11.24342727661132812 18.1092987060546875
v -0.320184588432312 -12.46992969512939456 15.25533676147460936
v 5.86698436737060544 -16.51411056518554688 15.39130306243896488
v 5.9312725067138672 -15.1319112777709961 15.50626468658447264
v 5.11853742599487304 -13.8063850402832032 12.76255893707275392
v 3.48090481758117672 -18.73085212707519536 10.54054069519042968
v 5.29556655883789064 -15.2644338607788086 12.38154888153076168
v 3.05440735816955566 -11.17241287231445312 14.27673912048339844
v 3.98116993904113776 -14.58358001708984376 9.33994865417480468
v 0.72235137224197392 -19.54650115966796872 8.2835397720336914
v 1.7126744985580444 -17.2039165496826172 7.19214439392089844
v 2.49395251274108888 -11.24743080139160156 11.87451171875
v -0.94037091732025152 -11.4431171417236328 9.54429435729980472
v -1.2239161729812622 -12.48164844512939456 11.4952363967895508
v 3.05270934104919434 -13.06524944305419922 8.73393821716308592
v 2.18272447586059572 -9.18199157714843752 18.09531402587890624
v 3.9954969882965088 -7.59752273559570312 17.23531341552734376
v 3.28710222244262696 -7.02822065353393554 16.27452850341796876
v 6.331784725189209 -1.54421210289001464 15.40171813964843752
v 3.54818034172058104 -0.64021492004394528 13.1858205795288086
v -0.8851630091667176 -9.59552001953125 16.6992225646972656
v -0.67090392112731936 -7.27558135986328124 14.79048347473144528
v 1.07271873950958252 -11.60542583465576168 8.7420110702514648
v 0.91482484340667728 -12.80782890319824224 6.69351482391357424
v -1.62473475933074952 -12.1927518844604492 7.1310887336730957
v -1.08946382999420166 -4.71397733688354496 13.1965656280517578
v -0.1960691511631012 -18.81173515319824224 6.47282934188842776
v -0.24652424454689024 -17.07022476196289062 3.65442609786987304
v 1.90300750732421872 -15.6735258102416992 6.68690252304077152
v -0.68595141172409056 -13.6651573181152344 3.63737869262695312
v 13.57469081878662112 3.8689448833465576 31.84269905090332032
v 13.44979190826416016 1.90929627418518064 30.95781135559082032
v 16.50169944763183592 4.50708055496215824 29.5795841217041016
v 15.02943325042724609 10.24937438964843752 31.02705955505371094
v 12.65727710723876952 8.6888437271118164 32.9384841918945312
v 16.05135536193847656 7.71784448623657224 30.68394088745117184
v 10.7271203994750976 4.83304786682128912 33.6095008850097656
v 19.4682559967041016 3.51736640930175784 24.44851684570312496
v 18.33973884582519532 4.85400533676147456 27.24544715881347656
v 18.37062454223632816 1.2911555767059326 24.14453125
v 15.84733867645263664 0.9044943451881408 25.93808364868164064
v 17.65456581115722656 3.7232568264007568 27.19047355651855468
v 19.29007339477539064 1.107590913772583 21.01371192932128906
v 18.26994514465332032 7.59692239761352536 28.12748146057128906
v 19.7394905090332032 6.97309064865112304 25.02934074401855469
v 19.89544105529785152 5.91949415206909184 22.95907020568847664
v 15.26183414459228516 1.39422285556793216 27.84284591674804688
v 13.30861091613769532 -0.32570049166679384 25.38858795166015624
v 17.36322784423828128 10.3887310028076172 28.64881706237792968
v 15.32524299621582032 12.46568393707275392 28.98288917541503904
v 13.42604064941406248 11.80558776855468752 31.12761306762695312
v 10.1603403091430664 11.70047378540039064 31.75261306762695312
v 13.02027225494384765 14.02210712432861328 29.01682662963867187
v 14.38133144378662112 14.3217153549194336 27.18761062622070312
v 18.6990375518798828 9.4391469955444336 26.33055305480957032
v 17.85255622863769536 11.56523704528808592 25.81881904602050784
v 16.58707046508789064 12.82729339599609376 26.8818302154541016
v 19.10627174377441406 9.44327640533447264 24.515869140625
v 19.57267379760742184 8.08912849426269531 22.06090545654296875
v 17.74652099609375008 11.97333717346191408 23.86139488220214848
v 18.19248580932617188 10.54846954345703128 20.21091842651367188
v 15.63364124298095704 14.10771942138671876 22.73689842224121088
v 11.74574756622314448 15.15201759338378906 26.4011821746826172
v 10.84471130371093744 14.60163688659667968 28.8958702087402344
v 12.07248687744140625 15.68337345123291016 24.29960441589355468
v 17.14146614074707032 11.22440052032470704 18.02075958251953125
v 14.47443866729736328 14.03948593139648437 20.52438735961914064
v 7.4646306037902832 4.84058904647827152 33.98537826538085936
v 8.74247646331787104 7.67494535446166992 33.82326126098632816
v 10.45338726043701168 9.2976665496826172 33.24604415893554688
v 4.91943645477294928 2.45320224761962888 33.62580108642578128
v 6.12758731842041016 5.65022611618041992 33.86323165893554688
v 3.00147366523742675 4.28227281570434572 33.07184219360351562
v 5.11417293548583984 7.18905210494995116 33.15792465209960938
v 6.74724769592285152 9.7405328750610352 32.82369613647460944
v 3.97288584709167488 9.19142055511474608 34.11080169677734376
v 12.7160005569458008 -0.44600000977516176 24.72800064086914064
v 12.7160005569458008 -0.44000002741813656 24.72800064086914064
v 12.7160005569458008 -0.43600001931190488 24.72600173950195312
v 11.08304595947265625 -0.45344510674476624 21.14308547973632812
v 10.62837409973144528 12.84307670593261712 30.84652137756347664
v 9.13127899169921876 13.26097011566162108 31.2968730926513672
v 9.19153594970703124 17.16383552551269532 28.8480110168457032
v 8.08421707153320312 14.885798454284668 31.84640693664550784
v 8.84822845458984368 16.09895896911621094 30.48121261596679688
v 6.7219877243041992 12.00826835632324218 33.06618499755859375
v 5.00267219543457031 13.80443668365478512 33.30863952636718752
v 3.74207353591918944 16.52596473693847656 32.37395095825195312
v 2.72025537490844728 15.49421024322509768 32.85725402832031248
v 12.54586982727050784 14.65465641021728512 21.26282691955566408
v 12.10178661346435546 13.3381633758544922 18.70861053466796872
v 11.20267581939697264 15.34567928314208984 20.77174949645996096
v 1.56023383140563968 7.11229944229125976 34.20458221435546876
v 0.31139725446701048 3.11866092681884766 32.88297271728515632
v 0.07395277917385101 6.1906123161315918 33.88069915771484368
v 1.1249309778213501 11.22428703308105468 34.01323318481445312
v -0.66272866725921632 8.069183349609375 33.84819412231445312
v -2.57606577873229984 2.82217597961425776 32.86940002441406256
v -2.30083322525024416 4.6159920692443848 32.67219161987304688
v -4.57648849487304688 3.54129719734191896 32.40470886230468752
v -3.77397656440734864 6.38763952255249024 31.8958759307861328
v -2.68618893623352048 6.7712984085083008 32.77714157104492192
v -2.68636512756347656 10.54878139495849608 32.11044692993164062
v 0.59868371486663816 13.57764434814453128 33.09180831909179688
v 0.24489508569240572 17.28875160217285156 30.5058650970458984
v -0.99733436107635504 14.14988136291503906 31.89090919494628912
v -1.36463618278503416 11.243499755859375 32.96248245239257808
v -2.10578751564025878 14.69428348541259768 30.36258316040039064
v -3.78947567939758304 11.14875602722167968 30.53023910522460936
v -3.19476151466369628 13.88808155059814448 29.2435302734375
v -0.40418189764022824 19.24052047729492188 27.14547538757324218
v -2.69666934013366696 15.68770027160644528 26.46071243286132816
v -1.22637486457824708 18.96382331848144528 26.04687881469726562
v 10.38674354553222656 17.99421501159667968 25.21212196350097656
v 8.28447151184082032 19.37346076965332032 27.07091331481933594
v 6.91928672790527344 17.38154792785644528 30.64860916137695312
v 4.63330507278442384 17.91578483581542976 30.98857879638671872
v 6.1794281005859375 19.61819839477539064 28.50676155090332032
v 4.54872417449951168 21.27185630798339844 24.40132904052734376
v 3.12051010131835938 20.41506958007812496 27.88704109191894528
v 7.99066305160522464 19.98765754699707024 23.51604461669921872
v 10.1909208297729492 18.06565666198730469 22.42674064636230472
v 9.56631088256835936 16.89970207214355472 17.60367965698242184
v 5.62907266616821288 20.93942260742187504 22.1959514617919922
v 7.51161479949951168 19.73227310180664064 19.52940750122070312
v 8.3020048141479492 17.96267700195312496 16.588134765625
v 5.77470350265502928 19.29197311401367188 17.03693199157714844
v 1.62383437156677248 18.8074932098388672 29.777109146118164
v 1.37773382663726808 20.40648078918457032 26.8117752075195312
v 1.39909565448760984 21.17207908630371094 24.3932552337646484
v -1.85092926025390624 19.6232280731201172 23.28867340087890624
v -2.61440348625183104 17.88149642944335936 24.4143047332763672
v 1.22650849819183348 21.01753616333007812 20.86528205871582032
v 1.91913819313049312 19.08124923706054688 15.7270431518554688
v -2.27089762687683104 18.9545955657958984 19.36654472351074216
v -3.68506741523742672 15.9560508728027344 22.04567527770996094
v -0.86688393354415888 19.77057647705078128 18.03322601318359375
v -3.32375764846801756 18.3603477478027344 16.24759483337402344
v 19.34264183044433592 1.19628477096557616 17.79396820068359376
v 20.12216949462890624 3.38899755477905272 19.4751644134521484
v 19.44196510314941408 6.61098527908325192 18.39598846435546872
v 19.27644729614257812 3.8607702255249024 15.28408241271972656
v 18.68912696838378904 0.2483951300382614 14.44503688812255856
v 18.41720008850097656 0.1073913723230362 11.8688344955444336
v 19.13469314575195312 3.25905799865722656 12.14900684356689454
v 20.22610855102539064 3.30824685096740724 9.42524528503417968
v 18.95575523376464848 4.29547929763793944 12.80135059356689456
v 17.9106483459472656 6.5856904983520508 13.8945274353027344
v 19.5009708404541016 6.0283966064453125 10.1770009994506836
v 19.968027114868164 1.87705636024475104 8.98273944854736336
v 20.44080352783203128 2.13208508491516114 6.02635049819946289
v 17.33430099487304688 -1.38290965557098392 11.85096073150634768
v 14.44577026367187504 -1.95898485183715824 11.33946228027343752
v 18.58331298828125 -0.60240525007247928 8.48532104492187504
v 16.22755432128906248 -1.76410746574401856 9.92337989807128912
v 15.22450828552246092 -1.59638237953186032 7.62984085083007816
v 17.76622200012207024 -0.813280999660492 6.65208864212036136
v 18.22749900817871092 9.4442157745361328 16.87184143066406256
v 16.19178199768066408 9.77643966674804688 14.80084991455078128
v 15.84822368621826176 7.53050899505615232 12.7650671005249024
v 13.73408222198486336 11.76494026184082032 16.12101554870605468
v 15.18524646759033204 12.15036869049072266 17.15180206298828124
v 21.34485626220703124 5.21872949600219728 3.2321186065673828
v 19.7965087890625 7.67662382125854496 7.43638563156127928
v 19.1650238037109375 7.76621484756469728 8.67232990264892576
v 20.83187675476074224 6.85655117034912112 5.53904438018798832
v 19.21141433715820312 8.38167667388916016 4.66585063934326168
v 17.76885032653808592 6.4226655960083008 12.86792850494384768
v 17.808847427368164 6.69716167449951168 11.78201198577880864
v 16.03857040405273437 7.07308387756347656 10.66286659240722656
v 14.34984683990478516 7.444148063659668 12.74515056610107424
v 16.46391677856445312 7.91914653778076176 7.38752508163452152
v 14.25316238403320312 7.04781007766723633 9.78701972961425776
v 14.9127254486083984 8.15536022186279296 6.67342090606689456
v 19.13618659973144532 0.69183510541915896 4.26262712478637696
v 20.63649559020996096 3.38390970230102536 2.17055416107177734
v 16.39872169494628904 -0.73504495620727536 4.26528263092041016
v 16.0838470458984375 -4.78876733779907232 0.21292822062969208
v 17.47527122497558592 -4.12484121322631836 0.04009878635406494
v 17.21274948120117188 -1.57592034339904784 1.68081569671630856
v 18.87983703613281248 -0.01949117332696914 0.96259009838104256
v 17.80887603759765632 -0.4683499336242676 2.5478951930999756
v 15.46904754638671872 -0.89456355571746832 2.4200797080993652
v 19.14203453063964844 0.18371255695819856 0.07091300934553146
v 21.2964153289794922 6.38438892364501952 2.69891595840454104
v 20.32234382629394532 3.284761905670166 0.01187269017100334
v 20.78433609008789056 5.93896389007568352 0.06893480569124222
v 20.6821269989013672 7.80230951309204096 2.12288761138916016
v 19.90569877624511712 8.09818077087402344 0.00139761820901185
v 18.55990028381347656 8.7754526138305664 0.1026306301355362
v 15.30477142333984376 7.55229711532592776 3.52950239181518552
v 16.90254402160644528 8.21616172790527344 2.56558680534362792
v 16.2514667510986328 8.18157482147216796 0.05700506269931793
v 10.6226224899291992 -0.4165678918361664 18.71440505981445312
v 11.93779277801513664 -0.95061445236206048 18.58584785461425784
v 11.3265094757080078 1.50986719131469728 17.17281341552734376
v 10.85609340667724608 2.65542769432067872 15.67938899993896488
v 12.09137153625488282 -1.28059232234954832 13.17367935180664062
v 10.04244422912597656 3.90197920799255376 15.7345609664916992
v 10.80869388580322272 4.8124303817749024 13.86259365081787104
v 11.38249683380126952 3.84595441818237312 12.68256282806396488
v 8.77769756317138672 2.23475599288940428 16.20728302001953124
v 9.08402061462402344 5.54879045486450192 14.43149375915527344
v 8.2565584182739258 6.690974235534668 14.00379467010498046
v 6.13699817657470704 3.80396008491516112 14.24644756317138672
v 12.75552654266357424 -0.09098999947309494 9.63901519775390624
v 14.14061641693115234 -0.93101888895034784 7.62961816787719728
v 11.17667579650878906 1.79946410655975344 11.22718429565429688
v 11.85379981994628912 3.2195613384246826 8.92467594146728512
v 13.30537128448486328 3.04178071022033691 4.16589069366455078
v 11.33900356292724608 6.34604930877685548 13.50751399993896488
v 13.4386568069458008 6.56260013580322264 12.1938800811767578
v 13.1270751953125 8.8838415145874024 14.21849918365478516
v 11.06476783752441406 7.69544363021850584 13.91376972198486336
v 9.13527297973632812 9.24042224884033204 14.0030374526977539
v 10.2644939422607422 9.72226810455322272 14.3425588607788086
v 10.921762466430664 13.11434555053710938 16.15225601196289062
v 4.40936803817749024 5.39630270004272464 13.6892127990722656
v 4.24589729309082032 10.39999485015869144 12.7783260345458984
v 8.36896610260009768 13.18775272369384764 14.70220279693603512
v 5.22776651382446288 12.7186269760131836 12.86742115020751952
v 9.88253307342529296 15.03682613372802734 16.9219894409179688
v 12.67501544952392576 5.38074398040771488 11.27216053009033204
v 13.42701721191406248 7.07970762252807617 8.42009735107421872
v 12.56134986877441408 5.37841749191284176 7.80912971496582032
v 13.48480987548828128 7.01972532272338867 7.02768135070800781
v 13.73722171783447264 4.48041296005249024 3.14072203636169434
v 1.24987232685089112 -0.51556038856506344 12.45589923858642576
v -0.41200157999992368 0.83667886257171632 12.40608024597167968
v 2.82011795043945312 5.49443626403808592 13.5988826751708984
v -1.95757639408111568 2.71979808807373048 13.21894550323486328
v 1.16081821918487548 6.00919485092163086 14.03367042541503906
v -3.17343544960021972 -4.8764028549194336 13.12222576141357422
v -2.9896297454833984 -1.90257287025451664 12.7216873168945312
v 3.20131015777587892 7.6332688331604004 13.54828834533691408
v 1.34096896648406984 9.54947662353515624 13.71408843994140624
v 1.23955404758453368 10.74383735656738288 12.72588920593261712
v 2.91179704666137696 12.20613861083984376 12.01020431518554687
v -0.77665746212005616 6.2088031768798828 15.39470386505126952
v -2.40748977661132816 7.8584489822387696 17.61914825439453128
v -1.77758085727691648 9.10265922546386718 16.67775917053222656
v -1.12154781818389892 9.94447708129882816 15.08015727996826172
v 0.59196954965591432 8.25183773040771484 14.70921993255615232
v 0.4332022666931152 11.42305374145507816 11.52301788330078128
v 1.26754236221313476 12.32337570190429688 10.58232498168945312
v -0.5624408721923828 10.78814506530761712 13.3042001724243164
v -1.52782595157623288 11.51818180084228512 9.6306095123291016
v 0.3820480406284332 12.28308773040771484 7.65179014205932616
v 15.01034355163574218 -0.25043749809265136 4.5530037879943848
v 15.45588779449462888 -3.20831894874572752 1.24876391887664796
v 14.53501701354980472 -5.09902620315551758 -0.00059050344862043
v 14.34023380279541016 -4.65590763092041016 0.56728714704513552
v 13.52541828155517576 -3.14146161079406738 0.77872186899185184
v 13.63863945007324216 -4.75567102432250976 0.00272444728761911
v 13.77800178527832032 -4.90600109100341792 -1.2437385343844198E-08
v 13.77400112152099616 -4.90200042724609376 0
v 13.7760009765625 -4.9040002822875976 0
v 13.77800083160400384 -4.9040002822875976 0
v 13.05749797821044922 -3.82232594490051264 0.01529293693602085
v 12.88462638854980464 -0.59314185380935672 0.18883854150772096
v 14.399540901184082 0.60997325181961056 3.86065149307250976
v 13.04204368591308594 2.04138135910034179 2.22019767761230468
v 13.13501358032226562 0.48188355565071104 1.49733722209930416
v 11.89843463897705072 1.1264030933380127 1.07397449016571045
v 11.42338848114013672 -0.75746345520019536 -0.00457381317391991
v 10.22444438934326172 0.17241059243679046 0.13418783247470856
v 13.08664417266845703 3.70331406593322752 0.06303510814905167
v 14.97378826141357424 7.17031240463256836 1.61564159393310544
v 14.2969636917114258 6.44996595382690432 0.00280941533856093
v 6.1552290916442871 15.73493957519531248 13.74086952209472656
v 5.73785400390624992 17.47586441040039064 14.52257633209228512
v 4.27822017669677736 17.200469970703125 12.5065250396728516
v 4.06037473678588867 15.84357833862304688 11.81744956970214848
v 2.72497057914733888 13.8402776718139648 11.1524209976196289
v 4.87546253204345696 16.20933723449707032 6.67701148986816408
v 3.89083123207092288 18.51597213745117184 10.67867660522460936
v 4.07619571685791016 18.4335975646972656 14.8052864074707032
v 3.20176291465759276 18.42847633361816408 11.96154499053955072
v 5.45986318588256832 17.65397262573242184 5.54893112182617184
v 3.44459390640258792 19.41480445861816408 9.62226867675781248
v 1.71512651443481448 19.043914794921875 10.72238349914550784
v -0.43704199790954592 18.31020545959472656 12.23137950897216796
v 1.1759880781173706 18.66921234130859376 12.46951198577880856
v -2.38810491561889648 18.84230995178222656 15.62260055541992184
v -2.50708365440368656 17.38393211364746096 12.91091251373291008
v -0.65907484292984008 18.7691726684570312 9.16980361938476562
v -1.97149896621704096 17.5535240173339844 9.31536293029785156
v 0.47361856698989872 20.64494132995605472 7.59052705764770504
v 3.17936062812805176 14.45795440673828128 6.62376832962036136
v 3.66877555847167968 13.96456909179687504 2.78927421569824224
v 4.22338438034057616 13.73349285125732416 1.41125893592834472
v 4.42916870117187504 19.789560317993164 6.69184446334838864
v 5.54432296752929688 15.99532508850097664 2.46513128280639648
v 5.29200267791748048 21.3946514129638672 0.07843249291181564
v 2.1258382797241211 13.6288433074951172 4.44264554977416992
v -0.329355388879776 13.08708095550537109 4.81992387771606448
v 0.87268543243408208 12.80276870727539056 2.16348910331726074
v -1.3637975454330444 12.80135154724121088 1.5122603178024292
v 0.27559107542037964 11.93522453308105472 1.08597874641418457
v 2.70585870742797848 20.94071006774902336 7.6741313934326172
v 4.43040370941162112 21.16812324523925782 5.38557910919189456
v 4.18181371688842772 21.72329330444335936 4.42301797866821288
v 4.61331939697265624 22.61585235595703128 -0.00819175969809293
v 4.46248722076416016 22.00788688659667968 1.38818013668060304
v 1.47046422958374024 21.9819412231445312 4.06078338623046875
v 0.2721310555934906 21.21639251708984376 4.6083364486694336
v 1.72608315944671632 22.98091697692871088 0.10103490203619004
v -1.91383469104766848 20.86396217346191408 1.33552742004394532
v -0.21396028995513916 22.82243156433105472 0.06591438502073288
v 5.31357860565185548 16.4426231384277344 0.01627319492399692
v 3.02537178993225097 12.38924407958984376 1.00245749950408935
v 4.80928993225097664 14.37232112884521488 0.00418588751927018
v 3.08109092712402344 11.26472568511962892 0.00292620505206286
v 0.46437618136405944 10.03318119049072265 0.03551296517252922
v -11.56913471221923832 -21.63227462768554688 44.01674270629882812
v -10.72231483459472656 -20.11012840270996094 45.9290885925292968
v -12.4355430603027344 -20.16613960266113282 46.89133834838867184
v -14.03076648712158203 -20.13678359985351562 46.77044677734375008
v -13.20617294311523436 -22.932870864868164 43.54502868652343752
v -9.93530178070068352 -21.4874916076660156 42.18210601806640624
v -11.26158332824707032 -24.32265090942382812 40.46334838867187504
v -9.6483211517333984 -22.02217864990234375 41.73640441894531248
v -12.59280681610107424 -23.6738872528076172 42.06988906860351562
v -11.97954177856445312 -14.78305530548095696 47.24596405029296876
v -13.89485263824462896 -18.02174758911132812 48.22458648681640624
v -11.07648468017578125 -18.46968269348144528 47.47816848754882816
v -8.18674659729003908 -18.0927581787109375 44.66092681884765624
v -7.19219398498535156 -19.44046783447265624 41.28066253662109376
v -7.2761564254760742 -14.10404014587402344 44.87554168701171872
v -5.81441402435302736 -15.57963180541992184 43.53275299072265624
v -9.70968151092529296 -16.09087944030761718 46.92097091674804688
v -9.24898719787597656 -18.19108390808105468 46.02906417846679687
v -8.7638635635375976 -20.51560211181640624 41.49909210205078128
v -8.47223854064941408 -21.67888259887695312 40.09772872924804688
v -10.6182289123535156 -12.7266883850097656 45.9215164184570312
v -8.08357429504394531 -11.87353801727294928 44.59744644165039064
v -13.27811813354492188 -11.77544212341308592 45.23785400390625
v -10.65122318267822264 -10.8171501159667968 44.71442413330078128
v -15.51920223236083984 -15.53182697296142576 47.17530441284179688
v -6.16850757598876954 -11.27015399932861328 43.14879608154296876
v -14.45125198364257816 -20.70810317993164064 45.33104324340820312
v -15.78280067443847664 -21.91835021972656256 43.53107452392578128
v -16.17294692993164062 -20.36350440979003904 44.3756141662597656
v -14.21380615234375 -24.0439453125 41.67822265625
v -13.98264503479003904 -25.55182647705078128 40.5674476623535156
v -17.23086929321289064 -24.06583595275878906 40.6571006774902344
v -16.88560104370117184 -22.95961761474609376 41.39882278442382816
v -18.64006423950195312 -22.53002166748046872 39.66432571411132816
v -16.9669227600097656 -21.17312812805175782 42.97172927856445312
v -18.00117111206054687 -21.61627197265625 40.77864456176757808
v -16.15189933776855468 -17.870126724243164 46.9424972534179688
v -16.5230655670166016 -15.64269351959228512 46.32378768920898436
v -15.80544757843017584 -19.6576557159423828 45.67686080932617184
v -17.24806785583496092 -18.47148895263671872 44.45627593994140624
v -15.98263549804687504 -13.89590167999267584 45.47756195068359376
v -17.73881912231445312 -16.56355094909667968 44.02941131591796875
v -16.89310264587402336 -13.20029163360595704 41.35211563110351564
v -17.12671661376953124 -14.5620126724243164 44.39373016357421872
v -15.54618263244628904 -11.3969717025756836 42.6776771545410156
v -17.6748619079589844 -19.32381439208984376 42.38529586791992184
v -18.04851150512695312 -17.92021179199218752 41.76502990722656256
v -18.6811580657958984 -19.6085853576660156 39.58032989501953128
v -18.58558654785156248 -17.95186042785644528 39.94723892211914064
v -17.56046295166015624 -15.15843009948730468 42.8269119262695312
v -18.11579322814941406 -16.32918739318847656 40.90715408325195312
v -17.7343769073486328 -13.7530479431152344 39.03897476196289062
v -17.7497482299804688 -15.0044403076171875 37.8409538269042968
v -17.73837280273437504 -16.31297874450683592 37.274932861328125
v -4.74893379211425776 -25.32848358154296876 34.36942291259765624
v -5.39464998245239256 -23.42564582824707032 36.57145690917968752
v -7.32710695266723632 -21.38864326477050784 36.58969116210937504
v -7.39230966567993168 -22.28836441040039064 33.94597244262695312
v -5.78290319442749024 -24.6002750396728516 33.70249557495117184
v -7.3509840965270996 -22.68311309814453128 32.93220138549804688
v -8.76150989532470704 -22.46614837646484376 39.28531646728515624
v -10.82566165924072272 -24.59192848205566408 39.24952316284179688
v -9.27996253967285156 -23.933847427368164 37.10280227661132812
v -12.34797573089599608 -25.38932418823242184 40.17860031127929688
v -7.78859901428222656 -23.06982612609863281 35.8612098693847656
v -9.4555034637451172 -24.84280586242675776 34.22835159301757812
v -7.333681583404541 -22.14121055603027344 35.59945297241210936
v -8.79503059387207024 -24.19087409973144532 33.60083770751953128
v -10.64088726043701168 -24.63442802429199216 36.17526626586914062
v -11.1012582778930664 -25.13557815551757812 33.8808708190917968
v -12.54343414306640624 -24.43104743957519528 36.095306396484375
v -5.93915796279907232 -25.014312744140625 31.02165985107421875
v -5.08111143112182617 -25.18265151977539064 28.91765022277832032
v -6.92001056671142576 -22.78245735168457024 29.97117233276367184
v -10.97899723052978512 -24.42794990539550784 31.75178337097167968
v -5.54182863235473632 -20.18291664123535156 38.60410690307617184
v -5.1786665916442871 -19.16095352172851562 39.48680114746093752
v -8.4479970932006836 -21.01324462890625 38.77242279052734368
v -8.06925392150878906 -22.2864990234375 32.60987854003906248
v -3.9953207969665528 -22.89603233337402336 25.5901527404785156
v -5.08237886428833008 -21.012847900390625 26.1136016845703125
v -6.97066974639892576 -21.60255432128906248 28.34571838378906248
v -10.34494781494140624 -21.95331382751464848 30.97122573852539056
v -12.21571159362792968 -20.95163917541503904 30.44802856445312496
v -9.05741310119628906 -21.332275390625 30.73532104492187504
v -10.37749576568603512 -19.5919761657714844 29.31840705871582032
v -8.32390785217285156 -20.41478347778320312 27.90195465087890624
v -11.78567790985107424 -17.2211017608642578 29.24720573425292968
v -9.2778911590576172 -18.35181617736816408 26.2234477996826172
v -7.64444971084594728 -17.76951408386230464 23.86654090881347664
v -4.99020814895629888 -19.39033889770507816 23.82929801940917968
v -11.30196094512939452 -15.06074333190917969 25.34959220886230468
v -14.16407012939453124 -26.33604431152343752 36.67625808715820312
v -13.93870067596435552 -27.57341766357421872 34.16938400268554688
v -12.88954639434814448 -26.39140129089355472 35.116455078125
v -16.04021644592285156 -27.46290206909179688 34.45341491699218752
v -15.91056823730468752 -27.6254844665527344 33.28143692016601564
v -13.1741485595703125 -24.88369178771972656 36.90060806274414064
v -14.59522151947021488 -24.7287578582763672 37.9340705871582032
v -16.38424301147460936 -24.24748992919921876 38.61669158935546872
v -17.13576889038085938 -24.43047332763671872 39.58743286132812496
v -16.16816139221191406 -24.36890983581542968 37.59357833862304688
v -12.52457714080810544 -26.75106620788574224 32.6699867248535156
v -15.60662078857421872 -26.38438987731933592 35.79533386230468752
v -16.26878547668457032 -25.76213073730468752 36.7182579040527344
v -17.00007247924804687 -23.81430435180664064 36.81289672851562496
v -17.01036643981933593 -25.16321563720703124 36.06547164916992188
v -18.00025367736816406 -22.61550521850585936 38.206329345703125
v -16.44139862060546872 -26.5870304107666016 32.31989669799804688
v -17.23184776306152344 -26.12658119201660156 33.74509811401367184
v -16.99884796142578128 -25.33452796936035156 32.75237274169921872
v -17.14303779602050782 -22.92536354064941408 35.22733306884765624
v -16.68892478942871096 -22.757211685180664 32.50352859497070312
v -14.4337167739868164 -28.04763221740722656 33.32316207885742188
v -13.5822811126708984 -25.74612998962402336 30.87027359008789056
v -13.75547981262207024 -27.11421966552734376 31.83888626098632816
v -15.20227527618408204 -26.78206443786621088 31.40593338012695312
v -15.5556631088256836 -23.57844161987304688 30.87419891357421872
v -18.36360740661621096 -19.71396064758300784 36.79341888427734368
v -18.36964988708496096 -20.84809494018554688 37.48033905029296872
v -18.41259765625 -19.23115348815917968 35.68812561035156248
v -17.28629493713378908 -19.89122009277343744 32.4314613342285156
v -17.5522403717041016 -15.9003305435180664 35.20677566528320312
v -18.03462409973144531 -17.97198295593261712 35.61051559448242184
v -18.03376388549804687 -13.4010000228881836 36.99405670166015632
v -14.47727489471435544 -17.43941497802734376 31.34864616394042968
v -12.60435485839843752 -19.19289207458496092 30.28719711303710936
v -16.5045719146728516 -19.12983131408691406 31.44935417175292968
v -17.5140342712402344 -18.10090446472167968 33.10068511962890624
v -16.3361530303955078 -16.53121566772460936 32.81269454956054688
v -17.89671516418457024 -13.91618061065673824 34.7580490112304688
v -16.6058349609375 -14.51498985290527344 32.54599761962890624
v -15.14932823181152344 -15.95483112335205072 31.677001953125
v -14.2039794921875 -15.36884307861328128 29.5399742126464844
v -5.79567241668701168 -8.94753742218017584 41.78604507446289056
v -8.36970424652099608 -9.29543590545654296 43.07598495483398438
v -6.90951728820800784 -7.42875003814697264 41.18003082275390624
v -10.02895450592041015 -8.28475284576416016 42.40965652465820312
v -12.76793098449707024 -10.3132915496826172 43.91622924804687504
v -11.44001483917236328 -8.56637477874755856 42.50861358642578128
v -13.21088123321533204 -8.21614933013916016 41.24964141845703124
v -9.93038177490234368 -6.22687292098999024 40.94614791870117184
v -12.18702602386474608 -4.14251184463500976 39.10579299926757812
v -13.20772361755371092 -6.81934309005737312 39.95046615600585936
v -9.49723052978515624 -3.7558033466339112 39.03760910034179687
v -6.87488603591918944 -2.2341768741607666 37.37227630615234376
v -9.87072849273681648 -1.0074092149734497 36.9101676940917968
v -15.0227203369140625 -8.90535831451416016 40.02964401245117187
v -16.20122146606445312 -10.8886661529541016 40.22020721435546876
v -15.7675085067749024 -6.92329645156860352 38.88399124145507808
v -17.25638771057128908 -11.0940093994140625 38.88531112670898432
v -18.04969978332519531 -11.29564476013183592 37.79074859619140624
v -18.11718177795410156 -9.92105197906494144 38.19170379638671876
v -20.10239982604980468 -10.50491046905517576 37.30938339233398436
v -21.30844688415527344 -7.69234418869018552 37.90767669677734368
v -19.8099384307861328 -5.60751533508300784 38.03702163696289062
v -21.20475578308105468 -8.8939228057861328 37.89564514160156256
v -16.15227890014648438 -5.05814647674560547 38.3878211975097656
v -15.49287891387939456 -2.46268868446350096 37.03681182861328125
v -13.8604192733764648 -0.04606885462999344 35.14182281494140624
v -15.91645526885986336 -0.08369020372629166 34.06957244873046875
v -17.39220046997070312 -1.32285332679748536 35.60468292236328128
v -18.79807472229003904 -4.22594261169433592 37.67457580566406248
v -21.19523048400878908 -3.70335197448730472 36.62651824951171872
v -21.18033790588378908 -2.32996845245361328 34.98502349853515632
v -8.21895599365234376 -13.79080963134765632 22.27415466308593752
v -5.24250602722167968 -0.17332741618156434 35.26749801635742188
v -7.48429107666015624 1.00745141506195068 34.73521423339843744
v -10.37867069244384768 1.23495638370513916 34.03966140747070312
v -18.91484451293945312 -12.18071079254150392 36.08881759643554688
v -19.52254486083984376 -12.83391094207763664 34.19935989379882812
v -16.68099021911621096 -13.09102821350097656 28.90269660949707024
v -18.01445388793945312 -13.01012897491455078 32.45775222778320312
v -18.03945541381835937 -12.5030546188354492 29.43956184387207032
v -14.15828132629394532 -13.95225620269775392 26.04741859436035156
v -12.05847549438476562 -10.32142066955566408 22.70276641845703128
v -11.58371829986572264 -13.78074169158935552 24.47327995300292968
v -14.57420253753662112 -12.25090217590332032 24.86177825927734368
v -13.32303905487060548 -8.90189552307128912 22.89887619018554688
v -15.67152214050292968 -10.61805057525634768 24.70390319824218752
v -16.12163352966308594 -11.86099243164062496 26.08306121826171875
v -17.65115737915039064 -11.4466609954833984 27.07564163208007812
v -17.14421653747558594 -11.33080673217773436 25.58446311950683592
v -20.5033588409423828 -12.52836227416992184 28.33977890014648436
v -18.12553977966308594 -11.82993507385253904 24.64517593383789064
v -14.66281890869140624 -7.82457876205444336 22.22859764099121092
v -16.01743316650390625 -9.99955558776855472 23.5739707946777344
v -17.345184326171875 -10.97313785552978512 20.87728118896484368
v -15.817495346069336 -9.09204959869384766 21.57408905029296872
v -12.72652149200439456 1.53307688236236576 32.83676528930664064
v -15.89068794250488288 0.71936267614364624 31.84153175354003904
v -19.68690299987792968 -1.16931605339050292 33.1717529296875
v -18.67013549804687504 -0.37808024883270264 29.83681869506835936
v -17.88297462463378912 -0.16809874773025512 26.00204086303710937
v -19.3797626495361328 -0.73583090305328368 25.92783164978027344
v -12.94624805450439456 -7.82422304153442384 21.60627365112304688
v -11.42988109588623048 -8.9013032913208008 20.6814632415771484
v -13.21428012847900392 -6.42604637145996096 19.75553894042968752
v -13.64927101135253904 -0.370772123336792 22.60756874084472656
v -11.90024185180664064 -1.75870108604431152 19.38355636596679688
v -14.7667198181152344 -2.74369454383850096 20.59708976745605472
v -14.6381816864013672 -6.73072862625122064 20.03866386413574219
v -14.32110118865966796 -3.78053331375122064 19.78335952758789056
v -16.38716316223144528 -3.84362149238586432 18.91047859191894528
v -17.28419876098632812 -2.84930276870727536 19.5967388153076172
v -16.60611152648925784 -0.4886289834976196 24.17291641235351562
v -18.42888259887695312 -3.2465801239013672 18.86607360839843744
v -22.37102127075195312 -5.06227016448974609 36.56694030761718752
v -23.15525627136230468 -9.14335250854492188 36.67948913574218752
v -23.45656967163085936 -6.71627235412597656 36.49687957763671872
v -22.18128585815429688 -10.58328437805175784 36.50464630126953128
v -24.4288997650146484 -6.9439582824707032 34.96135711669921872
v -22.18260383605957032 -11.97598075866699216 34.8852500915527344
v -23.28084945678710936 -12.16016674041748046 33.26313018798828124
v -21.8906326293945312 -12.87923049926757808 31.67198944091796872
v -23.62580108642578128 -11.90024471282958992 30.33581924438476564
v -23.97464561462402336 -10.03107357025146484 34.59767532348632816
v -24.19258689880371092 -11.12506484985351562 32.60694885253906248
v -24.93535995483398432 -8.2507295608520508 33.43125915527343752
v -25.8169059753417968 -8.98049831390380864 30.65522766113281248
v -25.71964645385742184 -7.3313002586364746 32.30493545532226564
v -25.19602775573730468 -10.20637321472167968 30.20340347290039064
v -24.4901752471923828 -8.930898666381836 26.16101264953613282
v -22.97919082641601568 -11.63190650939941408 27.5122699737548828
v -25.22266006469726564 -7.03316640853881836 28.78639411926269536
v -21.03175735473632812 -12.61772346496582032 26.64565658569335936
v -20.89883995056152336 -13.3524799346923828 22.99856185913085936
v -19.01706504821777343 -13.00716781616210937 23.05881500244140625
v -19.67571067810058592 -13.25792980194091796 21.59703826904296872
v -21.08609580993652344 -13.005401611328125 21.10071945190429688
v -24.2851848602294922 -10.64461421966552736 22.5078105926513672
v -23.29067611694335936 -11.19328212738037108 26.25244712829589844
v -22.9560661315917968 -11.9132585525512696 22.74161338806152336
v -23.098602294921875 -11.64871501922607424 19.3642005920410156
v -23.38408088684082032 -3.44889855384826664 33.62284088134765624
v -21.11768913269042968 -1.85918247699737552 31.8232345581054688
v -21.07505416870117188 -1.78066372871398928 29.3157329559326172
v -24.30829620361328124 -5.05041408538818359 29.94390487670898432
v -22.96303749084472656 -4.53278779983520504 25.99672698974609376
v -24.53966331481933592 -5.15221786499023438 32.98746490478515632
v -19.62623214721679688 -2.89696645736694336 20.97212791442871088
v -20.83872413635253904 -2.83734059333801264 23.62943077087402344
v -21.61662101745605472 -4.91817092895507808 19.42353820800781248
v -23.11480522155761718 -5.87441587448120112 22.7054443359375
v -24.19939804077148436 -7.49284219741821288 24.77480125427246096
v -24.28132820129394532 -8.66065406799316408 21.51282501220703128
v -23.15544319152832032 -6.54128932952880856 19.41079521179199216
v -22.63034248352050784 -7.22996091842651368 16.00199317932128906
v -4.21933937072753908 -19.88315200805664064 23.04868698120117188
v -3.49781608581542968 -22.29566574096679688 22.16270256042480468
v -2.85165810585021968 -17.91618728637695312 20.8408317565917968
v -2.60572075843811032 -19.89639472961425776 19.34274864196777344
v -4.5273146629333496 -17.7437763214111328 22.42360305786132816
v -2.56876587867736816 -20.92067718505859376 16.28322410583496092
v -2.24019384384155272 -21.4503135681152344 13.93779754638671872
v -2.51124906539916992 -18.76146125793457024 17.87527275085449216
v -3.65244531631469728 -20.0157470703125 14.40668487548828128
v -3.02178263664245605 -20.35680198669433592 12.23075485229492188
v -2.05898380279541016 -20.83106994628906256 10.691411018371582
v -3.21165013313293456 -19.96164512634277344 9.45900058746337888
v -2.88970303535461424 -13.62027454376220704 20.15567779541015624
v -5.23256874084472656 -13.7990741729736328 20.996835708618164
v -2.00263428688049316 -15.4098501205444336 18.59010696411132816
v -1.78648626804351808 -14.62667560577392576 17.12995338439941406
v -3.20980668067932128 -12.57221126556396488 19.37602806091308592
v -5.01717519760131836 -11.49861907958984376 17.84696769714355472
v -2.33528780937194824 -15.1433258056640625 14.47592449188232424
v -7.78712368011474608 -11.500126838684082 19.874258041381836
v -7.39096069335937504 -9.38475894927978512 16.82769393920898432
v -3.9405112266540528 -18.44453811645507816 13.02061653137207031
v -2.88082551956176752 -14.2266817092895508 9.82521057128906256
v -4.31647872924804688 -18.69151115417480472 10.29242420196533204
v -4.2994370460510254 -17.38394737243652344 8.13605403900146484
v -3.9825689792633056 -16.29413795471191408 9.402714729309082
v -2.1696474552154541 -12.30536460876464844 8.6119403839111328
v -4.21187877655029296 -13.38021850585937504 7.77185344696044928
v -3.95520901679992672 -12.51681613922119144 6.8262395858764648
v -4.93482494354248048 -17.14702033996582032 6.21538448333740236
v -3.61946105957031248 -8.74947738647460944 15.26234531402587892
v -5.87345075607299808 -6.60849714279174808 14.43210697174072264
v -9.60835075378417968 -6.59664916992187504 16.27739715576171876
v -9.94019794464111328 -8.21260070800781248 17.55302810668945312
v -5.98118066787719728 -3.38244104385375976 13.9462928771972656
v -11.33541297912597656 -4.52435970306396488 17.23399162292480468
v -9.27054405212402344 -2.91210055351257328 16.15431404113769532
v -18.2543926239013672 -12.14199638366699218 18.132232666015625
v -16.01279830932617187 -9.32105922698974608 17.31366539001464844
v -15.4979286193847656 -9.92558670043945312 15.40754032135009768
v -18.03038787841796875 -13.1202688217163086 16.91473197937011712
v -15.85769844055175776 -12.553217887878418 13.52803325653076168
v -17.52030181884765624 -14.76954555511474608 14.01633548736572265
v -16.21241569519042968 -13.89831256866455072 11.35654926300048828
v -13.93385314941406256 -12.15299797058105468 9.17177295684814454
v -14.40538787841796872 -12.17431354522705078 11.43323802947998048
v -17.27196121215820312 -15.43565845489501952 9.71212768554687504
v -13.9384803771972656 -15.03240299224853515 4.93367147445678704
v -12.96967697143554688 -13.43820858001708984 4.40743207931518552
v -15.6215267181396484 -14.99150848388671872 7.54458713531494144
v -11.8460750579833984 -7.06975984573364258 18.42798614501953128
v -12.71992874145507816 -3.3673686981201172 18.69490432739257816
v -13.688908576965332 -5.24416589736938476 19.14423942565917968
v -15.1568918228149414 -7.68241024017333984 18.60230255126953128
v -14.28296279907226564 -4.96444749832153328 18.749277114868164
v -14.399296760559082 -6.99636840820312496 14.62248802185058592
v -14.2510957717895508 -8.37950229644775392 13.96121311187744144
v -14.49008655548095704 -5.84195232391357424 16.69002342224121096
v -13.0996856689453125 -7.72512149810791008 11.6193876266479492
v -15.15054607391357422 -4.22265958786010744 17.91411399841308592
v -15.9584903717041016 -4.67366266250610352 13.74521732330322272
v -14.48464202880859376 -5.22959518432617188 12.88077640533447264
v -18.03237533569335937 -5.24235582351684572 13.70449066162109376
v -18.79055976867675776 -4.67976188659667968 16.40748023986816408
v -12.74542045593261712 -9.29459571838378908 10.56154155731201168
v -13.14370346069335938 -10.95875358581542976 8.49374771118164064
v -12.6553897857666016 -12.59637451171875 2.98985171318054192
v -13.2168588638305664 -10.41361236572265624 6.51114749908447264
v -13.6544208526611328 -7.39924716949462888 8.67384052276611328
v -13.91755390167236336 -11.15780162811279296 3.32668852806091308
v -14.50296783447265624 -8.52913856506347656 6.23942136764526368
v -16.43667221069335936 -5.31382942199707032 9.12202835083007812
v -15.01874256134033203 -6.01444816589355468 8.36354446411132816
v -16.54659271240234376 -9.64857196807861328 4.42759084701538088
v -17.27689933776855468 -7.01305389404296875 6.7408251762390136
v -1.09109508991241456 -19.61519050598144528 7.28654193878173828
v -2.44402408599853512 -19.23048210144042968 5.31978940963745116
v -1.78982698917388912 -17.94309616088867184 2.89635324478149408
v -2.61784076690673832 -19.17877006530761718 7.50519418716430664
v -0.76815629005432128 -16.72714805603027344 0.9185867309570312
v -1.62158632278442384 -17.61068534851074216 0.03231929987668991
v 0.60020756721496584 -14.30991935729980468 0.00168264389503747
v -0.45030015707015992 -13.874643325805664 2.1645197868347168
v 0.70408773422241208 -14.04099655151367187 1.17114341259002686
v -3.6433560848236084 -18.31663894653320312 4.54698896408081056
v -5.12288475036621094 -15.71895027160644528 3.97358179092407232
v -5.2371244430541992 -12.7583589553833008 4.34710121154785156
v -5.94917058944702144 -15.4272499084472656 1.70337462425231936
v -3.57024478912353512 -17.32447624206542968 2.50742506980896
v -5.94918870925903328 -15.83916091918945312 -0.02511672116816044
v -5.54329824447631832 -12.93422985076904304 2.72238850593566896
v -6.5381498336791992 -13.90657520294189456 1.03194594383239746
v -1.86781048774719232 -12.57935905456542968 2.913487195968628
v -1.18430721759796144 -12.50056457519531248 5.39435958862304688
v -3.4468722343444824 -11.76918792724609376 2.8063888549804688
v -4.16497802734375 -11.75566387176513664 3.50931334495544432
v -2.33840441703796388 -11.49995803833007816 0.01775185018777847
v -4.06644439697265625 -11.05812168121337891 -0.00934995617717504
v -5.36708021163940432 -11.74196147918701168 0.03401663526892662
v -14.5150146484375 -16.3312969207763672 2.61340117454528808
v -13.0220499038696289 -15.1059722900390625 1.5415747165679932
v -11.85883331298828128 -13.85687828063964848 1.96133804321289056
v -15.5643882751464844 -16.50523948669433592 4.60890817642211912
v -12.8883094787597656 -15.10138893127441406 0.00012720035738311708
v -11.42328643798828128 -14.02140712738037109 0.00348234758712351
v -15.5335721969604492 -16.69685935974121096 1.9840668439865112
v -14.3456745147705078 -17.52810478210449216 -0.00066103896824643
v -13.07567024230957031 -12.0102996826171875 1.06121551990509033
v -15.8136510848999024 -11.33190059661865236 2.31202888488769532
v -11.9606409072875976 -12.03193950653076172 0.01825658790767192
v -17.56425285339355472 -11.46791267395019528 0.02547306567430496
v -20.21985626220703124 -12.55866146087646488 18.34308242797851564
v -22.9188308715820312 -11.43506813049316408 17.21417617797851564
v -20.36971473693847656 -13.75649642944335936 15.83735752105712896
v -19.12311172485351562 -15.24903202056884764 12.71183490753173832
v -21.74896812438964848 -12.6470975875854492 14.1406869888305664
v -20.68212127685546872 -14.21006298065185548 12.72166347503662112
v -23.19519424438476564 -9.44147396087646488 14.772836685180664
v -22.3596477508544922 -10.06695842742919922 10.38731575012207032
v -21.17141914367675782 -13.10143470764160156 11.41537475585937504
v -17.53866767883300784 -15.080322265625 11.7571477890014648
v -19.66689109802246096 -14.61550045013427736 9.24098873138427736
v -16.58096885681152344 -15.3509817123413086 6.7954974174499512
v -18.34785652160644532 -15.53525257110595704 8.86244201660156256
v -18.6229209899902344 -14.65552902221679688 6.16298437118530274
v -20.12704849243164062 -12.8232460021972656 6.37606430053710936
v -19.64699745178222656 -13.46812629699707032 3.80580782890319824
v -21.7503585815429688 -10.21537590026855468 8.69661808013916016
v -20.59276580810546872 -5.67202663421630856 15.68095493316650392
v -19.78520202636718752 -6.18900632858276368 10.90953731536865232
v -22.80636596679687504 -7.9079065322875976 13.17854881286621094
v -21.67805480957031248 -6.58326148986816408 13.50792026519775392
v -21.86521530151367184 -7.76306009292602544 10.24042701721191408
v -20.32038879394531248 -10.75441074371337888 6.46282339096069336
v -18.41627120971679688 -11.29072952270507812 3.43157076835632328
v -18.82387351989746096 -8.80068016052246096 5.7315616607666016
v -20.07403373718261719 -7.19688558578491212 8.01842212677001953
v -18.02342033386230469 -15.4205904006958008 3.61881971359252928
v -18.55796813964843752 -14.75363159179687504 1.66300296783447264
v -19.02165412902832031 -13.39125347137451168 1.9511641263961792
v -19.54135704040527344 -13.89433383941650384 0.01576081290841102
v -17.17584800720214844 -16.65732574462890624 0.00095015083206817
v -16.97679138183593744 -11.80632114410400384 1.65337312221527096
v -18.5880699157714844 -12.50798606872558592 1.69503748416900632
v -18.80753135681152336 -12.39317798614501952 0.00481670023873448
v -6.16974067687988282 4.91923379898071296 30.82158851623535152
v -7.4049711227416992 3.25899624824523924 32.06439971923828125
v -5.22832632064819336 7.94854307174682624 29.41564178466796872
v -6.22584342956542968 7.17956733703613282 27.6668033599853516
v -8.84946632385253904 4.49629926681518552 28.74797058105468752
v -4.84549903869628912 10.56617259979248048 28.45694541931152344
v -10.99361610412597664 2.700855016708374 30.87736129760742192
v -10.1416330337524414 3.867910385131836 27.68418121337890624
v -12.58927059173583984 3.02540516853332519 27.40452957153320312
v -9.75149631500244144 4.70406913757324216 25.00115013122558593
v -6.44636011123657224 7.7083711624145508 25.60539817810058592
v -7.55579423904418944 6.84584188461303712 23.36125373840332032
v -9.1484842300415039 4.92487812042236336 22.29669189453125
v -6.73817014694213872 6.74430847167968752 20.58387184143066408
v -7.85075283050537104 4.1810593605041504 18.7178287506103516
v -11.3310832977294922 3.224337100982666 22.62080574035644528
v -5.52710008621215824 10.02680587768554687 23.71658134460449216
v -5.04115581512451172 6.95494890213012688 18.86806106567382816
v -3.97612380981445312 9.40433979034423832 19.66648101806640624
v -4.52815246582031248 10.74112987518310544 21.9276065826416016
v -4.2563753128051758 11.35539245605468752 21.11284828186035156
v -3.90359640121459968 13.02825832366943359 23.4381122589111328
v -4.58699560165405272 13.92786121368408208 21.50118446350097656
v -4.83191823959350592 12.01581668853759765 18.77848815917968752
v -3.68732643127441408 10.38644218444824216 18.18593025207519532
v -4.6884117126464844 14.64950370788574216 18.03035354614257812
v -14.05558109283447266 1.91710579395294192 30.14578819274902344
v -15.87843799591064448 1.44840431213378904 27.27860641479492188
v -15.35575866699218752 1.68374621868133544 28.53890228271484376
v -13.37565517425537112 2.32521104812622072 25.153350830078125
v -15.94599628448486336 0.51053154468536376 25.30341339111328124
v -13.49399566650390624 1.1614372730255127 23.5733089447021484
v -11.16102218627929688 1.64504313468933104 20.57039451599121096
v -3.39657711982727048 0.43509718775749208 13.05127143859863281
v -5.82799768447875984 0.81627321243286128 14.66702365875244144
v -8.14410781860351562 1.36638164520263672 17.14294624328613282
v -3.0080571174621582 11.76448726654052736 12.33894348144531248
v -3.89361453056335456 12.55632495880126952 12.8239126205444336
v -4.10033893585205078 13.27976799011230468 13.06201171875
v -3.7271478176116944 15.50393104553222656 13.91297912597656256
v -3.52976441383361816 15.41276741027832032 9.58273029327392576
v -4.06329536437988281 14.56779384613037112 6.59465408325195312
v -3.07296347618103027 13.44499874114990232 5.70511341094970704
v -3.7842938899993896 16.68773460388183592 6.22349452972412108
v -2.66902613639831544 13.96700477600097664 2.72368860244750976
v -3.56899046897888184 15.08125019073486328 2.97656965255737312
v -3.22677946090698244 13.782170295715332 1.0524979829788208
v -3.75157809257507328 16.58299827575683592 3.48214530944824216
v -2.43088221549987792 18.03019905090332031 4.80980920791625984
v -4.29795312881469728 16.6857948303222656 1.34551739692687988
v -3.22477149963378908 17.86435127258300784 3.22269845008850096
v -2.24155139923095704 21.45311164855957032 -0.01996456086635589
v -4.92723512649536128 15.80575275421142576 0.01490547321736812
v -2.31158828735351564 11.76427936553955072 -0.006698755081743
v -0.40769404172897336 11.28774452209472656 0.00767432153224945
v -4.58481931686401368 12.83138084411621088 0.02119915187358856
